[gd_scene load_steps=3 format=2]

[ext_resource path="res://Scenes/Characters/Character.tscn" type="PackedScene" id=1]
[ext_resource path="res://Scenes/Characters/Robot/RobotArmature.tscn" type="PackedScene" id=2]

[node name="Robot" index="0" instance=ExtResource( 1 )]

transform = Transform( 0.5, 0, 0, 0, 0.5, 0, 0, 0, 0.5, 0, 0, 0 )
script = null
_sections_unfolded = [ "Transform" ]

[node name="MeshInstance" parent="." index="0"]

visible = false

[node name="RobotArmature" parent="." index="4" instance=ExtResource( 2 )]

bones/1/bound_children = [ NodePath("BoneAttachment002") ]
bones/2/bound_children = [ NodePath("BoneAttachment011") ]
bones/7/bound_children = [ NodePath("BoneAttachment004") ]
bones/8/bound_children = [ NodePath("BoneAttachment009") ]
bones/9/bound_children = [ NodePath("BoneAttachment") ]
bones/22/bound_children = [ NodePath("BoneAttachment010") ]
bones/23/bound_children = [ NodePath("BoneAttachment001") ]
bones/37/bound_children = [ NodePath("BoneAttachment005") ]
bones/38/bound_children = [ NodePath("BoneAttachment007") ]
bones/39/bound_children = [ NodePath("BoneAttachment003") ]
bones/41/bound_children = [ NodePath("BoneAttachment006") ]
bones/42/bound_children = [ NodePath("BoneAttachment008") ]

[node name="BoneAttachment" parent="RobotArmature" index="1"]

transform = Transform( -0.0763654, 0.892796, -0.443939, 0.731675, 0.352649, 0.583344, 0.677363, -0.280272, -0.680167, 0.550596, 2.57512, 0.021971 )

[node name="BoneAttachment001" parent="RobotArmature" index="2"]

transform = Transform( 0.158771, -0.924279, 0.347129, 0.855875, 0.304125, 0.418314, -0.49221, 0.230682, 0.839353, -0.738398, 2.43453, -0.0580636 )

[node name="BoneAttachment002" parent="RobotArmature" index="3"]

transform = Transform( -1, 2.15749e-007, -2.93499e-007, -2.83095e-007, 0.0467367, 0.998907, 2.29231e-007, 0.998907, -0.0467366, 0.633527, 0.891628, -0.855903 )

[node name="BoneAttachment003" parent="RobotArmature" index="4"]

transform = Transform( -1, 1.59843e-006, -2.78705e-007, 1.49772e-006, 0.843277, -0.537478, -6.24099e-007, -0.537479, -0.843278, -0.640076, 0.653218, 0.728864 )

[node name="BoneAttachment004" parent="RobotArmature" index="7"]

transform = Transform( 0.995013, -0.0692834, 0.0717521, 0.0722072, 0.0040829, -0.997381, 0.068809, 0.997589, 0.00906531, -0.121482, 3.18825, -0.0129022 )

[node name="BoneAttachment005" parent="RobotArmature" index="8"]

transform = Transform( 0.984269, -0.125934, -0.12392, 0.116226, -0.0667282, 0.990989, -0.133065, -0.989818, -0.0510402, 0.645883, 1.75355, -0.0145707 )

[node name="BoneAttachment006" parent="RobotArmature" index="9"]

transform = Transform( 0.866246, 0.368308, 0.337595, 0.313669, -0.92687, 0.206297, 0.388881, -0.0728142, -0.918416, -0.619312, 1.63048, -0.0933198 )

[node name="BoneAttachment007" parent="RobotArmature" index="10"]

transform = Transform( 0.984269, -0.148751, 0.0953357, 0.116226, 0.951563, 0.284707, -0.133065, -0.269154, 0.953885, 0.721599, 1.14805, 0.0166153 )

[node name="BoneAttachment008" parent="RobotArmature" index="11"]

transform = Transform( 0.866247, 0.456388, -0.203304, 0.313669, -0.180075, 0.932319, 0.388881, -0.871385, -0.299136, -0.825585, 1.50443, 0.467839 )

[node name="BoneAttachment009" parent="RobotArmature" index="12"]

transform = Transform( -0.866273, -0.0633622, -0.495535, -0.497199, 0.0128319, 0.867542, -0.048611, 0.997907, -0.042619, 0.508953, 2.64802, 0.0183895 )

[node name="BoneAttachment010" parent="RobotArmature" index="13"]

transform = Transform( -0.934296, -0.0633619, 0.35082, 0.350735, 0.0128331, 0.936387, -0.0638335, 0.997908, 0.0102331, -0.702552, 2.53021, -0.0570181 )

[node name="BoneAttachment011" parent="RobotArmature" index="14"]

transform = Transform( 0.993398, -0.06336, 0.0956302, 0.0966258, 0.0128335, -0.995238, 0.061831, 0.997908, 0.018871, 0.0194191, 1.59942, 0.130579 )


[editable path="RobotArmature"]
